image: scan_overlay_zoomed.pgm
resolution: 0.01
origin: [-5.2496821015812465, -5.015137050363913, 0.0]
negate: 0
occupied_thresh: 0.65
free_thresh: 0.196
